8.384350021841781020e-01 9.840551449405100706e-04 9.715534623802553945e-04 1.788854381999831615e-05
8.989242374433845661e-01 9.932451172175677055e-04 1.001430918671682114e-03 1.632993161855451970e-05
9.616298563426476376e-01 1.020893097586472904e-03 1.010026734809133702e-03 1.999999999999999825e-05
1.017973466491803203e+00 9.940237829334252519e-04 9.601094104932077905e-04 1.999999999999999825e-05
1.079700979032083286e+00 9.907060716485352470e-04 9.944053149464561394e-04 1.999999999999999825e-05
1.146593455053655619e+00 1.012800158639526760e-03 9.984060673857686995e-04 1.999999999999999825e-05
1.208879233918662699e+00 9.983613166974155979e-04 1.005908258006765494e-03 2.309401076758502795e-05
1.264773612609490838e+00 9.820053007240910157e-04 9.827607409143867580e-04 2.309401076758502795e-05
1.322496536085725038e+00 9.962278955865002793e-04 9.877788771989720173e-04 2.309401076758502795e-05
1.381621377012101304e+00 1.031427846816292994e-03 1.006619265344810624e-03 2.309401076758502795e-05
1.441721003993144734e+00 1.033940355636872718e-03 9.807844689377809202e-04 2.309401076758502795e-05
1.502396954763054460e+00 1.011423634822893915e-03 1.020915363737322440e-03 2.309401076758502795e-05
1.563294474498143627e+00 1.002901328932234585e-03 9.813453709653792954e-04 2.309401076758502795e-05
1.624113512332269194e+00 1.010070110394423702e-03 1.026857861031390444e-03 2.309401076758502795e-05
1.684608935791608308e+00 1.017508837644429598e-03 1.032538689792952087e-03 2.309401076758502795e-05
1.744588604132684795e+00 1.025082604007663189e-03 1.023204506904769892e-03 2.309401076758502795e-05
1.803906667520039475e+00 1.025053934251243153e-03 1.018336886125424450e-03 2.309401076758502795e-05
1.862457474567882576e+00 1.022295993322067499e-03 9.865211957037346539e-04 2.309401076758502795e-05
1.929671403821018760e+00 1.038507851980577813e-03 1.035472661940886607e-03 1.999999999999999825e-05
1.995726663264193235e+00 1.048252385362486013e-03 1.034697703034264272e-03 2.309401076758502795e-05
2.051323288746293105e+00 1.059604409155642107e-03 1.032597208464243813e-03 2.309401076758502795e-05
2.114982281513589690e+00 1.021953577390235374e-03 1.034443527099449065e-03 1.999999999999999825e-05
2.177443441927020995e+00 1.021273360484501900e-03 1.026789390328908475e-03 2.309401076758502795e-05
2.238606402653311456e+00 1.037560749924968349e-03 1.039555820131807902e-03 1.999999999999999825e-05
2.298617969005678940e+00 1.040925986806927458e-03 1.055652843857457458e-03 2.309401076758502795e-05
2.357396548372302281e+00 1.046205006644817430e-03 1.044475046425256655e-03 1.999999999999999825e-05
2.415092361236975460e+00 1.040223749277355931e-03 1.034071629297971711e-03 2.309401076758502795e-05
2.471638645592477257e+00 1.036401775280850965e-03 1.034605226129434695e-03 1.999999999999999825e-05
2.534999979878837628e+00 1.042654773067076346e-03 1.070157749085380063e-03 1.999999999999999825e-05
2.597042637795339282e+00 1.055343022738505342e-03 1.060292162519680661e-03 1.999999999999999825e-05
2.657824143422046426e+00 1.052594396901882466e-03 1.052198153118236905e-03 1.999999999999999825e-05
2.717401788647762384e+00 1.102335535880193161e-03 1.086371289768754168e-03 1.999999999999999825e-05
2.775830119673459162e+00 1.072985945631321769e-03 1.061209911102568414e-03 1.999999999999999825e-05
2.840228271160069262e+00 1.079918074161666198e-03 1.082509921160554681e-03 1.788854381999831615e-05
2.903356000234560419e+00 1.071890898595800889e-03 1.068921445522272957e-03 1.999999999999999825e-05
2.965183569347196624e+00 1.051070029241263793e-03 1.078307438033142447e-03 1.788854381999831615e-05
3.025862787167185708e+00 1.040761077558393808e-03 1.004072295634698530e-03 1.999999999999999825e-05
3.085363867133176008e+00 1.036291258909931637e-03 1.027836898088337276e-03 1.788854381999831615e-05
3.143822788074997820e+00 1.044390835020651874e-03 1.026868038318690026e-03 1.999999999999999825e-05
3.201211077446026732e+00 1.049758578597747866e-03 1.024699234062009367e-03 1.788854381999831615e-05
3.263843058145952991e+00 1.045057754852867556e-03 1.066218430706232035e-03 1.788854381999831615e-05
3.325316559339827727e+00 1.056571661538797339e-03 1.048077992971031044e-03 1.788854381999831615e-05
3.385687493977800333e+00 1.042275415637780329e-03 1.066734153957160994e-03 1.788854381999831615e-05
3.445006902593127585e+00 1.056585152438622565e-03 1.088110892280134533e-03 1.788854381999831615e-05
3.509082991424213649e+00 1.052757794674225597e-03 1.055678248233160588e-03 1.632993161855451970e-05
3.572037533228498596e+00 1.047474392790393371e-03 1.025223042716935044e-03 1.788854381999831615e-05
3.628296063959845164e+00 1.042331678629285219e-03 1.036966484349759361e-03 1.788854381999831615e-05
3.689158925753789120e+00 1.036859547161868332e-03 1.029398731249298688e-03 1.632993161855451970e-05
3.749043416037053156e+00 1.031279020604771108e-03 1.034307295800082063e-03 1.799308978217020887e-05
3.807934506495596505e+00 1.039485996842897655e-03 1.053034618682092754e-03 1.679293121470606858e-05
3.871144057999698518e+00 1.018735343819772128e-03 1.018457145653984272e-03 1.737454176828578145e-05
3.933303452435310543e+00 1.016675680216667368e-03 1.003136242838437251e-03 1.798618567029164166e-05
3.994459456724950286e+00 1.023385851349345758e-03 1.010692315997299825e-03 1.861865607333877033e-05
4.054654186624031986e+00 1.024846022192609125e-03 1.034454003746227476e-03 1.925391862002444600e-05
4.113927952124185161e+00 1.016252887070673901e-03 1.047638518925547105e-03 1.981331154888583602e-05
4.172318075319359387e+00 1.049552212290271553e-03 1.082825124855064372e-03 2.045362860740624573e-05
4.234604966831230222e+00 1.089512456597086041e-03 1.072493397743754266e-03 1.952455460153276358e-05
4.295961113261652642e+00 1.122329584926386008e-03 1.166197789718819962e-03 2.178190497776548605e-05
4.356377601066475869e+00 1.099372950562993705e-03 1.105426565474272073e-03 2.090035284113472415e-05
4.420470416814484160e+00 1.102251943846835813e-03 1.114691914134100350e-03 2.153244727157458134e-05
4.479118640289901698e+00 1.088507419378799759e-03 1.078018791008777174e-03 2.402955145328493876e-05
4.536933590447928211e+00 1.078141431036875588e-03 1.064134742897732263e-03 2.286475044391470912e-05
4.598332140599092455e+00 1.064022566129893153e-03 1.067267554729455295e-03 2.363638463244798103e-05
4.658858221776014830e+00 1.050608505555727457e-03 1.070139003125996757e-03 2.457349721228096413e-05
4.718543957144087919e+00 1.057087261160647969e-03 1.049391675968255541e-03 2.514082328909359631e-05
4.781585064323401468e+00 1.065060470625969237e-03 1.045065542603693933e-03 2.425337768219051115e-05
4.843752410920552975e+00 1.037361695727459033e-03 1.055186677968560907e-03 2.675942227444637290e-05
4.905040014350685595e+00 1.044809999983072751e-03 1.010727424221578115e-03 2.570711074714109539e-05
4.965516470856305986e+00 1.023420373928849185e-03 1.015215189179728391e-03 2.828763669781761934e-05
5.025174787735029014e+00 1.032656237681702730e-03 1.022777189794402521e-03 2.737492698327294408e-05
5.087968638995941539e+00 1.026509389749475851e-03 1.000532547104816903e-03 2.858169992803351035e-05
5.146075480183183615e+00 1.031326741120725931e-03 1.005389684905155356e-03 3.217940963094720238e-05
5.203445813424051991e+00 1.026204007596755001e-03 1.021076725499772990e-03 3.173188293366904002e-05
5.263881536024292096e+00 1.023599222605501343e-03 1.004764749827440594e-03 3.431148918430798096e-05
