8.088270674333921662e-01 9.874455054060993393e-04 9.997570271716193276e-04 3.999999999999999650e-05
8.183418088138193491e-01 1.009584336417366189e-03 1.021783835219054358e-03 3.999999999999999650e-05
8.281213710495698432e-01 9.777293413913569053e-04 1.019716323259388163e-03 3.999999999999999650e-05
8.381632252130756244e-01 9.907118671250709878e-04 1.010788897577602615e-03 3.999999999999999650e-05
8.484769844805840622e-01 9.723311275806192444e-04 9.289061103992012416e-04 3.999999999999999650e-05
8.590716213638418530e-01 9.699190521881372430e-04 9.733441532022361724e-04 3.999999999999999650e-05
8.699550721065318903e-01 9.689149316744579332e-04 9.853574468316700450e-04 3.999999999999999650e-05
8.811345691434172567e-01 9.677159089665700493e-04 1.019908135640081991e-03 3.999999999999999650e-05
8.926164059756964697e-01 1.034380212021206689e-03 9.953339093939812809e-04 3.999999999999999650e-05
9.044060161202639447e-01 9.731842296204985983e-04 9.749634095031618720e-04 3.999999999999999650e-05
9.165078232919141588e-01 9.798332418964686170e-04 9.733128120220982653e-04 3.999999999999999650e-05
9.289255380224836767e-01 1.035442179126204671e-03 9.998608661929593577e-04 3.999999999999999650e-05
9.416800844295094564e-01 1.027044246405223876e-03 9.670523049852472724e-04 3.999999999999999650e-05
9.547579228907530080e-01 1.027816858399491001e-03 1.090370587028208606e-03 3.999999999999999650e-05
9.681655972814562361e-01 9.977190584596700405e-04 1.002328315000608093e-03 3.999999999999999650e-05
9.819158207688717388e-01 1.030992227081506700e-03 9.877149994485605843e-04 3.999999999999999650e-05
9.959981927370158417e-01 1.020498098722408178e-03 1.056341379123603742e-03 3.999999999999999650e-05
1.010422217752051210e+00 9.891883981775282785e-04 1.033757502253718381e-03 3.999999999999999650e-05
1.025187182779094597e+00 9.800218514180868319e-04 1.004476794414484305e-03 3.999999999999999650e-05
1.040286272699051162e+00 9.863867834156775025e-04 9.903087708072980545e-04 3.999999999999999650e-05
1.055719828192424714e+00 9.739325625916075762e-04 8.667878749862735878e-04 3.999999999999999650e-05
1.071489837630721143e+00 9.770620825139892437e-04 9.944865021675498851e-04 3.999999999999999650e-05
1.087587716384251335e+00 1.006058345809614230e-03 1.056427961999471593e-03 3.999999999999999650e-05
1.104006533920935951e+00 1.005771295678929830e-03 1.045133036960447029e-03 3.999999999999999650e-05
1.120739524879675875e+00 9.932170721763384884e-04 9.819231888787375174e-04 3.999999999999999650e-05
1.137778150287911627e+00 1.024550071055589521e-03 1.027153366993163990e-03 3.999999999999999650e-05
1.155115821285940703e+00 1.014761102896535134e-03 9.387793630543023789e-04 3.999999999999999650e-05
1.172740323761094494e+00 1.018672388429643898e-03 9.853905447324811783e-04 3.999999999999999650e-05
1.190638059814935978e+00 9.888761867425531395e-04 9.500358904401598730e-04 3.999999999999999650e-05
1.208795814444235894e+00 9.992286076670553550e-04 1.008006281923204276e-03 3.999999999999999650e-05
1.227203827496816446e+00 1.006979155682638082e-03 9.556737873896856616e-04 3.999999999999999650e-05
1.245845905926304731e+00 9.781627455720560017e-04 9.433839818678166561e-04 3.999999999999999650e-05
1.264704614960925566e+00 9.914807160332165387e-04 1.002380535280688895e-03 3.999999999999999650e-05
1.283770316941241774e+00 9.763724405670008320e-04 9.769687237843505297e-04 3.999999999999999650e-05
1.303020361467092769e+00 9.736853453686127903e-04 1.025071352647930834e-03 3.999999999999999650e-05
1.322445525917678166e+00 1.002532775020817260e-03 1.060414906410504354e-03 3.999999999999999650e-05
1.342023720872404180e+00 1.012465566370070354e-03 1.032671622138960554e-03 3.999999999999999650e-05
1.361743229066245453e+00 1.016553518215715900e-03 1.028516210845935915e-03 3.999999999999999650e-05
1.381585470487772804e+00 1.013407141921670402e-03 1.041157309549071291e-03 3.999999999999999650e-05
1.401535431482285210e+00 1.064322880311492680e-03 1.019256435692378077e-03 3.999999999999999650e-05
1.421579040380420267e+00 1.018176607960145311e-03 9.188706463023324153e-04 3.999999999999999650e-05
1.441699863820305572e+00 1.048634503550539701e-03 1.072641743352270843e-03 3.999999999999999650e-05
1.461884107778708364e+00 1.035009955399932707e-03 1.075280599623632937e-03 3.999999999999999650e-05
1.482118480987850040e+00 1.002733654427994444e-03 9.605237676723581012e-04 3.999999999999999650e-05
1.502388965910429031e+00 1.020766705998645170e-03 9.885834748438737662e-04 3.999999999999999650e-05
1.522683417390884086e+00 1.010770544042042347e-03 1.084348188815704127e-03 3.999999999999999650e-05
1.542990055739632771e+00 9.917566428928176452e-04 9.815919234328622685e-04 3.999999999999999650e-05
1.563297528469164588e+00 1.013684501978894372e-03 1.051641322032821711e-03 3.999999999999999650e-05
1.583595839285633744e+00 1.003262841924991954e-03 9.880908434299810836e-04 3.999999999999999650e-05
1.603874798145210612e+00 1.020482718767064820e-03 1.043666104072865728e-03 3.999999999999999650e-05
1.624125605649302972e+00 1.018912479879152764e-03 1.049991138318523420e-03 3.999999999999999650e-05
1.644340133202293330e+00 9.908151325370533058e-04 9.474871447160805940e-04 3.999999999999999650e-05
1.664509690172060186e+00 1.017147853094729987e-03 9.751069714528565234e-04 3.999999999999999650e-05
1.684628047197284761e+00 1.023428747767799341e-03 1.004446130811144670e-03 3.999999999999999650e-05
1.704689070005479978e+00 1.011949912070758814e-03 9.526742029765310161e-04 3.999999999999999650e-05
1.724685462473475983e+00 1.025908549046055870e-03 1.045301041314048753e-03 3.999999999999999650e-05
1.744613194025619540e+00 1.011701826478191924e-03 1.013002881174654120e-03 3.999999999999999650e-05
1.764467155898959749e+00 1.037637436498741557e-03 1.042016488207656152e-03 3.999999999999999650e-05
1.784241906192471250e+00 1.015118866490623576e-03 1.002078593080039286e-03 3.999999999999999650e-05
1.803935659492311938e+00 1.042393689186259676e-03 1.119766740023451492e-03 3.999999999999999650e-05
1.823542436875334571e+00 1.017649247076846857e-03 1.032064561863901397e-03 3.999999999999999650e-05
1.843061536099081188e+00 1.023521343639666095e-03 1.037892925770819274e-03 3.999999999999999650e-05
1.862488638859403078e+00 1.031535645226508598e-03 1.027479904900224826e-03 3.999999999999999650e-05
1.881822248745163462e+00 1.011830991100027806e-03 1.022054494734328696e-03 3.999999999999999650e-05
1.901060059770593336e+00 1.046930990647084716e-03 1.074877649584231364e-03 3.999999999999999650e-05
1.920200597698382472e+00 1.018792704302290452e-03 1.013926559512028135e-03 3.999999999999999650e-05
1.939241644315075286e+00 1.019517527002985037e-03 9.985984439202005760e-04 3.999999999999999650e-05
1.958183313500024614e+00 1.068790185969951479e-03 1.094442843543573041e-03 3.999999999999999650e-05
1.977022697599671641e+00 1.026555143606460233e-03 1.047900319378215978e-03 3.999999999999999650e-05
1.995761500765532048e+00 1.075376099403468162e-03 1.069712387133207442e-03 3.999999999999999650e-05
2.014395791427376459e+00 1.042825913077529646e-03 1.042965655479242797e-03 3.999999999999999650e-05
2.032928379962473109e+00 1.078475092070603058e-03 1.176029152831425560e-03 3.999999999999999650e-05
2.051358218685730872e+00 1.051954873429615002e-03 1.092716131763344029e-03 3.999999999999999650e-05
2.069683267590676667e+00 1.048383261966708479e-03 1.046057478771849399e-03 3.999999999999999650e-05
2.087905942681301141e+00 1.004985601256163904e-03 9.679766863705994116e-04 3.999999999999999650e-05
2.106026115143801114e+00 1.038759362306903656e-03 1.092406560521693056e-03 3.999999999999999650e-05
2.124041838955242678e+00 1.028225688885837496e-03 1.042862167615405799e-03 3.999999999999999650e-05
2.141955229274013384e+00 1.015843657112036006e-03 1.081546223862187321e-03 3.999999999999999650e-05
2.159767139031436134e+00 1.028148586048100669e-03 9.753561950323528205e-04 3.999999999999999650e-05
2.177477625183957599e+00 1.010299103512118891e-03 9.859249316795950201e-04 3.999999999999999650e-05
2.195085561565670140e+00 1.025372391893285924e-03 9.596902404493462199e-04 3.999999999999999650e-05
2.212593126433229695e+00 1.031348549815923549e-03 1.036896352673917672e-03 3.999999999999999650e-05
2.230001292993227580e+00 1.034284675171336272e-03 9.962852547598841611e-04 3.999999999999999650e-05
2.247310294178577639e+00 1.049736305090200397e-03 1.079749832837917194e-03 3.999999999999999650e-05
2.264520897008210465e+00 1.034873469622413613e-03 1.060089491869510353e-03 3.999999999999999650e-05
2.281634192121974269e+00 1.043504615448529382e-03 1.160331569097426642e-03 3.999999999999999650e-05
2.298650096643734209e+00 1.029055525011519142e-03 1.018829384551336913e-03 3.999999999999999650e-05
2.315569618251327011e+00 1.050217819960734067e-03 1.041098482895933810e-03 3.999999999999999650e-05
2.332393966054075563e+00 1.054957099455250055e-03 1.088196485275788345e-03 3.999999999999999650e-05
2.349124392300160569e+00 1.035919066790601424e-03 1.104993474294498285e-03 3.999999999999999650e-05
2.365761590660970359e+00 1.045803756843410089e-03 1.039798537422954644e-03 3.999999999999999650e-05
2.382306244474003520e+00 1.048140103490007935e-03 1.021963506715540485e-03 3.999999999999999650e-05
2.398759508258766271e+00 1.038068914432901209e-03 1.040581026430675632e-03 3.999999999999999650e-05
2.415122148834317528e+00 1.036052975377707618e-03 9.988975667414492360e-04 3.999999999999999650e-05
2.431395426617842581e+00 1.046549358021458967e-03 9.764155730876723782e-04 3.999999999999999650e-05
2.447580109230196310e+00 1.033061582827405744e-03 9.879349760225824076e-04 3.999999999999999650e-05
2.463676971072206179e+00 1.027081831471451153e-03 1.065300067352200133e-03 3.999999999999999650e-05
2.479686927195030144e+00 1.049309251492705139e-03 1.027152543252969445e-03 3.999999999999999650e-05
2.495610574872476395e+00 1.036154435331841824e-03 1.033051583146841687e-03 3.999999999999999650e-05
2.511449436959949377e+00 1.028702942242119226e-03 1.056247004907484967e-03 3.999999999999999650e-05
2.527204771158298779e+00 1.053614985424703018e-03 1.051090702967951178e-03 3.999999999999999650e-05
2.542877441856083998e+00 1.039758133854464623e-03 1.060395780382668209e-03 3.999999999999999650e-05
2.558468269541017914e+00 1.048543030747018301e-03 1.011024681629841019e-03 3.999999999999999650e-05
2.573978247183040580e+00 1.076177445522051319e-03 1.092148624634585842e-03 3.999999999999999650e-05
2.589407280290567215e+00 1.061389017497755237e-03 1.047425399909772880e-03 3.999999999999999650e-05
2.604756759809051747e+00 1.038384211370782257e-03 1.020748989839164334e-03 3.999999999999999650e-05
2.620028263898698473e+00 1.045421416563432340e-03 1.107465630157016163e-03 3.999999999999999650e-05
2.635222994326843704e+00 1.037661024324820422e-03 1.086013476208675830e-03 3.999999999999999650e-05
2.650341380881400699e+00 1.035120017125767218e-03 1.015316330493536232e-03 3.999999999999999650e-05
2.665382533460050052e+00 1.066700328511958158e-03 1.001724685688169065e-03 3.999999999999999650e-05
2.680349665019891692e+00 1.070896217644984067e-03 1.047252451584862205e-03 3.999999999999999650e-05
2.695243719244957870e+00 1.165640630813341138e-03 1.124416177161108961e-03 3.999999999999999650e-05
2.710063686093752811e+00 1.116818968888870717e-03 1.108304010216238289e-03 3.999999999999999650e-05
2.724811209338052098e+00 1.081120787756633230e-03 1.085096329864910798e-03 3.999999999999999650e-05
2.739488539914287646e+00 1.045761756061927344e-03 9.948255603452163705e-04 3.999999999999999650e-05
2.754094632753381955e+00 1.090042451371143204e-03 1.104860263678530009e-03 3.999999999999999650e-05
2.768630360296619131e+00 1.106634513272439311e-03 1.100484892781888879e-03 3.999999999999999650e-05
2.783098432540817235e+00 1.041912983070467135e-03 1.069273482550334902e-03 3.999999999999999650e-05
2.797497053103016995e+00 1.053353834811237644e-03 1.031208356365543666e-03 3.999999999999999650e-05
2.811828794574673385e+00 1.079657763351561574e-03 1.099964451173167769e-03 3.999999999999999650e-05
2.826094628134055320e+00 1.099286144440207724e-03 1.167808199551004407e-03 3.999999999999999650e-05
2.840292923649971879e+00 1.068542031789599615e-03 1.100848207440716271e-03 3.999999999999999650e-05
2.854427969154188727e+00 1.085609221265922001e-03 1.085138520847180954e-03 3.999999999999999650e-05
2.868497040287454780e+00 1.066495209961040294e-03 1.045117402122999316e-03 3.999999999999999650e-05
2.882503565403148560e+00 1.060791507527617536e-03 1.091980450665969377e-03 3.999999999999999650e-05
2.896446389084156969e+00 1.065207754161597411e-03 1.030083980150962126e-03 3.999999999999999650e-05
2.910327357438576179e+00 1.111577480794578290e-03 1.109453617651134710e-03 3.999999999999999650e-05
2.924146689012360856e+00 1.049986851899410755e-03 1.028145170018716177e-03 3.999999999999999650e-05
2.937905235793741632e+00 1.038195322534269912e-03 1.040430388566311246e-03 3.999999999999999650e-05
2.951603504932950095e+00 1.058465526654810444e-03 1.085950987242417830e-03 3.999999999999999650e-05
2.965242475444429093e+00 1.043147075781211946e-03 1.027587400426792363e-03 3.999999999999999650e-05
2.978822304886786565e+00 1.081804067130758213e-03 1.128834680627186123e-03 3.999999999999999650e-05
2.992344325678074846e+00 1.033738154105267584e-03 9.355141712494374024e-04 3.999999999999999650e-05
3.005807793691948060e+00 1.036375015994954029e-03 1.074848535459265461e-03 3.999999999999999650e-05
3.019216065360287971e+00 1.029086950621981109e-03 9.359131503989343232e-04 3.999999999999999650e-05
3.032565834305823493e+00 1.030289416669513767e-03 1.061701915775081816e-03 3.999999999999999650e-05
3.045861455310682420e+00 1.067292926947126328e-03 1.150360111177004246e-03 3.999999999999999650e-05
3.059100674139672016e+00 1.054136221358731697e-03 1.062675790657229046e-03 3.999999999999999650e-05
3.072285901584229428e+00 1.038587347441914535e-03 9.885554555415813557e-04 3.999999999999999650e-05
3.085417849071876439e+00 1.019305109519056014e-03 9.955322574415712434e-04 3.999999999999999650e-05
3.098494705577245600e+00 1.030814494673136560e-03 1.012986662853770578e-03 3.999999999999999650e-05
3.111520205292857000e+00 1.038613121556819377e-03 1.050977080415489619e-03 3.999999999999999650e-05
3.124492828220146290e+00 1.055571718647841262e-03 9.938343002112281360e-04 3.999999999999999650e-05
3.137413094489076570e+00 1.040746232019441149e-03 1.086276159103282150e-03 3.999999999999999650e-05
3.150283243817167289e+00 1.043930335834622036e-03 1.034938224354581141e-03 3.999999999999999650e-05
3.163101985773601132e+00 1.037315053580703051e-03 1.080305141876319874e-03 3.999999999999999650e-05
3.175870483550375489e+00 1.054303388259324572e-03 1.090072576481112068e-03 3.999999999999999650e-05
3.188590132675141131e+00 1.042105557102252118e-03 1.061575244643487041e-03 3.999999999999999650e-05
3.201260006121392721e+00 1.044646262296130331e-03 1.013694165032448307e-03 3.999999999999999650e-05
3.213880663560938711e+00 1.054870633244612632e-03 1.030828769902239527e-03 3.999999999999999650e-05
3.226454101322287826e+00 1.052867052086418811e-03 1.097704727164435564e-03 3.999999999999999650e-05
3.238980417059911687e+00 1.051020351407698245e-03 9.908549849463913709e-04 3.999999999999999650e-05
3.251457657503403098e+00 1.050148570761863217e-03 1.096136258933812051e-03 3.999999999999999650e-05
3.263888746582092715e+00 1.040843251077250200e-03 1.025174582163471517e-03 3.999999999999999650e-05
3.276274225883944791e+00 1.038824192165747982e-03 1.080848411146431926e-03 3.999999999999999650e-05
3.288614243700412665e+00 1.044452408851777271e-03 1.056216069827442669e-03 3.999999999999999650e-05
3.300907342239608244e+00 1.039863629852372327e-03 1.036640413067489198e-03 3.999999999999999650e-05
3.313155920831750034e+00 1.060813557576851737e-03 1.104022618903597285e-03 3.999999999999999650e-05
3.325360438009410835e+00 1.067203387494975201e-03 9.987426987661093738e-04 3.999999999999999650e-05
3.337521316010909622e+00 1.063681767378911631e-03 1.030728075997771947e-03 3.999999999999999650e-05
3.349637779607459454e+00 1.051295965390876231e-03 1.081968815860318098e-03 3.999999999999999650e-05
3.361710695541752170e+00 1.046054123279320383e-03 1.008124497663985758e-03 3.999999999999999650e-05
3.373740992508269976e+00 1.047106603116787537e-03 1.011592573275694453e-03 3.999999999999999650e-05
3.385729340696789436e+00 1.039825203457528900e-03 1.106158725044907891e-03 3.999999999999999650e-05
3.397675745931313163e+00 1.037038237855942950e-03 9.891953337409975164e-04 3.999999999999999650e-05
3.409580695210876033e+00 1.041352910479320789e-03 1.038858202141422667e-03 3.999999999999999650e-05
3.421443390522118211e+00 1.047396185958707985e-03 1.020163843500765258e-03 3.999999999999999650e-05
3.433265326335337875e+00 1.039672706894687482e-03 1.060352513691163691e-03 3.999999999999999650e-05
3.445046894857137332e+00 1.045947544417028799e-03 1.046231343903712913e-03 3.999999999999999650e-05
3.456788523206634434e+00 1.072911912031647213e-03 1.029186123068590768e-03 3.999999999999999650e-05
3.468490378044409628e+00 1.076997412891040262e-03 1.057181727995721134e-03 3.999999999999999650e-05
3.480152983354478646e+00 1.070081687556514614e-03 1.032000648358673972e-03 3.999999999999999650e-05
3.491776662319898694e+00 1.048973965562781776e-03 1.093559000007033460e-03 3.999999999999999650e-05
3.503361025889228042e+00 1.050599031065999750e-03 1.049828296304109549e-03 3.999999999999999650e-05
3.514906891066118089e+00 1.062679651347295728e-03 1.032549406630468890e-03 3.999999999999999650e-05
3.526415010814972995e+00 1.042176709179985479e-03 1.019073369899377518e-03 3.999999999999999650e-05
3.537885375100586316e+00 1.042035723332776888e-03 1.056299407734378071e-03 3.999999999999999650e-05
3.549318421016084635e+00 1.037513583307895582e-03 9.878867855382714690e-04 3.999999999999999650e-05
3.560714591994430300e+00 1.034313274143361903e-03 1.081033728224817811e-03 3.999999999999999650e-05
3.572073950431859934e+00 1.053838740200508176e-03 1.065432743022223881e-03 3.999999999999999650e-05
3.583396863374967545e+00 1.049623372766191141e-03 1.027917362181378358e-03 3.999999999999999650e-05
3.594683839325147900e+00 1.062082993534010271e-03 1.091799233534629203e-03 3.999999999999999650e-05
3.605934945084000365e+00 1.042017332236210448e-03 1.169043540552147133e-03 3.999999999999999650e-05
3.617150486325092729e+00 1.034819068549712104e-03 1.035570835526343188e-03 3.999999999999999650e-05
3.628330930049432190e+00 1.047930486185350528e-03 1.020154191120633972e-03 3.999999999999999650e-05
3.639476501987707557e+00 1.039714915460764012e-03 1.115204476436737566e-03 3.999999999999999650e-05
3.650587456352991644e+00 1.047176590714389219e-03 1.045152131908894545e-03 3.999999999999999650e-05
3.661664139699663423e+00 1.043184763071047273e-03 1.029001126987480952e-03 3.999999999999999650e-05
3.672706880877095070e+00 1.034290610077445152e-03 1.005685907628527760e-03 3.999999999999999650e-05
3.683715596108539270e+00 1.027509069407692719e-03 9.701268166332526399e-04 3.999999999999999650e-05
3.694691141321926331e+00 1.049547546621168751e-03 1.021273983406804182e-03 3.999999999999999650e-05
3.705633358241877229e+00 1.039941754716697730e-03 1.046399204272581212e-03 3.999999999999999650e-05
3.716542438273635618e+00 1.026683539077157719e-03 1.038657118406022305e-03 3.999999999999999650e-05
3.727418953840430760e+00 1.018847638029193739e-03 1.004156195181357594e-03 3.999999999999999650e-05
3.738263296810144798e+00 1.012045205840137949e-03 9.849607512018214526e-04 4.022770702021847341e-05
3.749075177203317288e+00 1.059225816391898105e-03 1.069034073552215924e-03 4.038156414395156340e-05
3.759855548932488745e+00 1.041399030230549978e-03 9.873199204473174975e-04 4.026563173485624831e-05
3.770604103398885520e+00 1.024877412532075767e-03 1.030624651642671414e-03 4.029294930763046304e-05
3.781321316663663001e+00 1.065693629851927494e-03 1.010470484795977092e-03 4.048206444700817153e-05
3.792007686048816772e+00 1.019306606030404667e-03 9.831575921725305405e-04 4.072447808577248676e-05
3.802662809706260472e+00 1.063076979068721534e-03 1.075217915939294736e-03 4.099937292000438427e-05
3.813287581077731581e+00 1.026755886492265735e-03 1.085827426524773112e-03 4.131061901802953249e-05
3.823881802284661457e+00 1.049609899753970290e-03 1.043849165091135112e-03 4.155387768158932591e-05
3.834445843192443082e+00 1.012472979860096212e-03 9.400676293883965945e-04 4.172014099968305998e-05
3.844980324561631857e+00 1.020804337749382437e-03 1.022906381500830568e-03 4.192654065037880061e-05
3.855485047201760551e+00 1.031715351571484704e-03 1.133476220574385811e-03 4.218791893938212274e-05
3.865960326200025499e+00 1.006603018613363250e-03 9.827380674643150949e-04 4.243350710925600027e-05
3.876406032775226773e+00 1.021144350336194388e-03 1.068025012421978384e-03 4.265860025950600427e-05
3.886822376037555316e+00 1.007683516136091868e-03 9.557966056839999926e-04 4.291520982535396226e-05
3.897210241221991556e+00 1.024461488512115040e-03 1.058989594035472702e-03 4.321758910785231990e-05
3.907569253335179571e+00 9.953481772437035042e-04 9.617433635779168346e-04 4.350230710023657559e-05
3.917900051319239463e+00 1.031372610326329207e-03 9.960273829521719500e-04 4.370344493737563765e-05
3.928202988860419520e+00 1.050181532173936720e-03 1.002897167526712111e-03 4.389429613666175252e-05
3.938478132505067286e+00 9.965281392946031928e-04 8.970542293836630994e-04 4.414261422789360269e-05
3.948725551015076274e+00 1.008854597628215579e-03 1.041309210562286168e-03 4.441453609769483352e-05
3.958944737576878925e+00 1.017769024633215572e-03 9.952619235125527777e-04 4.467360557831444068e-05
3.969136470158894703e+00 1.027296275291613966e-03 1.005420436945029129e-03 4.491947863937652741e-05
3.979301337705290376e+00 1.021651985917380878e-03 1.024401829626239539e-03 4.517198789947112218e-05
3.989439215462953214e+00 1.032637332408108729e-03 1.029129807840589933e-03 4.544630297735748162e-05
3.999550452307413462e+00 1.033779078659660461e-03 9.613467561730528518e-04 4.572353866214374157e-05
4.009635409840123010e+00 1.006635040884294729e-03 1.010129051706135702e-03 4.602831854800551269e-05
4.019693854875026950e+00 1.018315394935016436e-03 1.033012014133880517e-03 4.633221493414197307e-05
4.029725233554681374e+00 1.024376790771144114e-03 9.594983482620992070e-04 4.652391282047749845e-05
4.039730709813990295e+00 1.015138252412099967e-03 9.462454022432029025e-04 4.677513921310375760e-05
4.049710835537217335e+00 1.011104448827191641e-03 9.714324129587818000e-04 4.710880304333133265e-05
4.059665324591201774e+00 9.995135597061271995e-04 9.017879488334679897e-04 4.731023141644540660e-05
4.069594924653245904e+00 1.041606030308605494e-03 9.493114932095378725e-04 4.748065735680530726e-05
4.079498091593858788e+00 1.057337051130487204e-03 1.114908160757620498e-03 4.776383049688211077e-05
4.089376051276473412e+00 1.005825810123919025e-03 1.075603698880439477e-03 4.803979937386668636e-05
4.099229786847089052e+00 1.032482732155687571e-03 1.117256258064372888e-03 4.821785811972166595e-05
4.109058660497233006e+00 1.036025124153785440e-03 1.066671197164333843e-03 4.840305400686251012e-05
4.118863306769874555e+00 1.003348178164536770e-03 1.075151604831293007e-03 4.860662890820606621e-05
4.128642405491594225e+00 9.926365258703800931e-04 9.136863452329271320e-04 4.882495422161714645e-05
4.138397501862847605e+00 1.027198951955734076e-03 9.677486679058774606e-04 4.909483671330802196e-05
4.148128891083760372e+00 1.024076854217728086e-03 1.038180124346874686e-03 4.940191488988099360e-05
4.157836314939683753e+00 1.027698112200116018e-03 9.489386268455247877e-04 4.972413403866923618e-05
4.167519625103922820e+00 1.033238615242041466e-03 1.153375164796648436e-03 5.006866329429666035e-05
4.177179003543038505e+00 1.128137852787055792e-03 1.052394247453377132e-03 5.029454039661413167e-05
4.186815506547641341e+00 1.041942757641032722e-03 1.113881618100311544e-03 5.043683838886430350e-05
4.196429110698112197e+00 1.042219081653653718e-03 1.086738785084554945e-03 5.066860991203677231e-05
4.206018416438392471e+00 1.050298220449853107e-03 1.098628950058423790e-03 5.095122871435757319e-05
4.215584951681210946e+00 1.041661116186350404e-03 1.011721626693663908e-03 5.116422155956766924e-05
4.225128755124692326e+00 1.080452094763710525e-03 1.081616339708762510e-03 5.136509151595587198e-05
4.234650739007196130e+00 1.051538753531324659e-03 9.816962191892448803e-04 5.161391018693553442e-05
4.244148614470615755e+00 1.148712886119409486e-03 1.227117718787413712e-03 5.189131803602676927e-05
4.253624496584166081e+00 1.146362433902995510e-03 1.029730478639362921e-03 5.217146325308204589e-05
4.263078794512334291e+00 1.107561691225958161e-03 1.076378358675580352e-03 5.242575030471985066e-05
4.272510211304774153e+00 1.116849307584827453e-03 1.152309381119449383e-03 5.267780494752797525e-05
4.281919085500088151e+00 1.136275627474179128e-03 1.203696892704212394e-03 5.293768180768786813e-05
4.291306909848093376e+00 1.163578399328672741e-03 1.124731608077444425e-03 5.319807178914673812e-05
4.300673397038681678e+00 1.161506626168251665e-03 1.164041285546504618e-03 5.346897728796312421e-05
4.310017340974857447e+00 1.071111334708784151e-03 1.085087511480452164e-03 5.376498781166197844e-05
4.319339734903419270e+00 1.084656214293601992e-03 1.099128206128054076e-03 5.406718286188654454e-05
4.328641924451228640e+00 1.081390318074376081e-03 1.109980648404191011e-03 5.438551266486816031e-05
4.337921953581585832e+00 1.106998932998960955e-03 1.091470964002990698e-03 5.478301280293472469e-05
4.347180696976718828e+00 1.088997601192483568e-03 1.089060737641475663e-03 5.514038613651220031e-05
4.356419535277230359e+00 1.086459612398879126e-03 1.078432289209775097e-03 5.531927703940442789e-05
4.365636668273011445e+00 1.110184458929520859e-03 1.095343660188965486e-03 5.553337123489551769e-05
4.374833119925476410e+00 1.119080776784283542e-03 1.091493231364931140e-03 5.584536785295508523e-05
4.384009308980081343e+00 1.102498953562450722e-03 9.759485990297649474e-04 5.605448411086133873e-05
4.393165179011167432e+00 1.097525454934213801e-03 1.171194712130864662e-03 5.620363483030489161e-05
4.402299902469296811e+00 1.163131547919996891e-03 1.143751571856826792e-03 5.641624830943847100e-05
4.411415439780623338e+00 1.069041821906036678e-03 1.039996786400398422e-03 5.668892278224002134e-05
4.420510487414818002e+00 1.105065614990624525e-03 1.045997064592941572e-03 5.696035013490708749e-05
4.429585097721315812e+00 1.085990229584067037e-03 1.013362089121196390e-03 5.723179638582241534e-05
4.438640847707974402e+00 1.130176230842242337e-03 1.191041220233099223e-03 5.750662069581817656e-05
4.447675963596198656e+00 1.064832706750669855e-03 1.143939230034039193e-03 5.776176030126194886e-05
4.456691834913858230e+00 1.078524243452594214e-03 1.255905160424580390e-03 5.806337387149541115e-05
4.465688731178857118e+00 1.062562479761741804e-03 1.100470296027057995e-03 5.853453359706438028e-05
4.474665294568997531e+00 1.084195669788441110e-03 1.060285647995421647e-03 5.901067862169232078e-05
4.483622913887916894e+00 1.118246856529548283e-03 1.043714072220658113e-03 5.910981566274393012e-05
4.492562159077411188e+00 1.107497100662771993e-03 1.109124119148064856e-03 5.911336407296788066e-05
4.501480908112369228e+00 1.080018166077700067e-03 1.024383049292256712e-03 5.931971872650839523e-05
4.510381953673955557e+00 1.130773299257228004e-03 1.104825476593127194e-03 5.964107975224271305e-05
4.519263383849764004e+00 1.054961272430739085e-03 1.064921400004637409e-03 6.001210273063336767e-05
4.528126047697357492e+00 1.059551654493734755e-03 1.127166795758830983e-03 6.030032281940991823e-05
4.536971309778443207e+00 1.052591038077608631e-03 1.121429403763194062e-03 6.049023507827557645e-05
4.545796048111036214e+00 1.089336093559620548e-03 1.129455817006335110e-03 6.069664306423331565e-05
4.554603793531243561e+00 1.075476841951816982e-03 1.139408252911914676e-03 6.097957651778100418e-05
4.563392596493700104e+00 1.084299817487380680e-03 1.180896248971450516e-03 6.132490732640359611e-05
4.572163267309925949e+00 1.073318436785962622e-03 1.037182188470088485e-03 6.167952513179630013e-05
4.580916548638709784e+00 1.060553378860308680e-03 1.005289282288485044e-03 6.204731149451321820e-05
4.589650618390429315e+00 1.038103812893132437e-03 1.029709186734004307e-03 6.240256194074965965e-05
4.598367689312868656e+00 1.087132090266619902e-03 1.203195294700805428e-03 6.261567091031826392e-05
4.607066681687260967e+00 1.054507705396234363e-03 1.127068291664564195e-03 6.275892003217710912e-05
4.615747899576960300e+00 1.061110129541982050e-03 9.715036848831949418e-04 6.297726940133217875e-05
4.624412279277495763e+00 1.073432409165012450e-03 1.061298013064729002e-03 6.325663662261488682e-05
4.633057709743861885e+00 1.035361942408975560e-03 1.107662687995782016e-03 6.361267791862322877e-05
4.641687442923594809e+00 1.067246917516481838e-03 1.047903017761163619e-03 6.428604250473223794e-05
4.650298135345599881e+00 1.035941084574635348e-03 9.106740916410100903e-04 6.518029301215746139e-05
4.658892757182722555e+00 1.114409394498860027e-03 1.049419608006235856e-03 6.552199889193757395e-05
4.667469434827050456e+00 1.022955681688930869e-03 1.008031296830408938e-03 6.548826051159271965e-05
4.676029330655726568e+00 1.039917987128046416e-03 1.049873987557503434e-03 6.550968558552893936e-05
4.684572741753544101e+00 1.038426531074162790e-03 9.728154020467673271e-04 6.548190084033477399e-05
4.693098614655464296e+00 1.092461962042018181e-03 1.165826210894790795e-03 6.563830396104627170e-05
4.701608689094963545e+00 1.074826811294718552e-03 1.080533255812502966e-03 6.593673617559447030e-05
4.710100644232890765e+00 1.059344879510334828e-03 1.079457229052523505e-03 6.624945357659393615e-05
4.718577614410938814e+00 1.039293447963081938e-03 1.064212884087017714e-03 6.658312468527800810e-05
4.727036185793213718e+00 1.060094080240888076e-03 1.000825858317857218e-03 6.683243002761693604e-05
4.735479957680318819e+00 1.033378531267001256e-03 1.095671139544597333e-03 6.706401970567230878e-05
4.743905994140831694e+00 1.040211115806492954e-03 9.561493468934353056e-04 6.729405343798059943e-05
4.752316980729044182e+00 1.105143600031266915e-03 1.137294528569104349e-03 6.749119824350705411e-05
4.760710812698005334e+00 1.033432752535369233e-03 9.187325193152928206e-04 6.773411972290036150e-05
4.769089420490750797e+00 1.068725561904526567e-03 1.032768280908826462e-03 6.799577367328327757e-05
4.777451373718597516e+00 1.042975917290491850e-03 1.120274022966843584e-03 6.828117355224147219e-05
4.785798002855298883e+00 1.027190403631454956e-03 1.019993621356011420e-03 6.864217946162792902e-05
4.794128398497018217e+00 1.045893324568268092e-03 1.216677378346191392e-03 6.906202684847062806e-05
4.802443376368349170e+00 1.156018554970863511e-03 1.112967767738834608e-03 6.953105670526157553e-05
4.810742149230142317e+00 1.041103650075513639e-03 1.122547873027538497e-03 7.001348542521469546e-05
4.819025617446342835e+00 1.043048243225046202e-03 9.424363181243122127e-04 7.026550118487428804e-05
4.827293465386820692e+00 1.030759562150726592e-03 9.117133812509469132e-04 7.032087986054956236e-05
4.835546052327778455e+00 1.029803448945677434e-03 1.054184543425155680e-03 7.047506462098607140e-05
4.843782906991199511e+00 1.061608705718060505e-03 1.040734502240720557e-03 7.077873043475329661e-05
4.852004756317374934e+00 1.020337816068324095e-03 9.639726324953786689e-04 7.104454317733075700e-05
4.860211301112485671e+00 1.033975239671888584e-03 1.116417875961330138e-03 7.121935865017689612e-05
4.868402776861874948e+00 1.041998854312489384e-03 9.898524571442647666e-04 7.147805932183320791e-05
4.876578940746790103e+00 1.045501879516858327e-03 1.080867041066134546e-03 7.178647701937440650e-05
4.884740610308153208e+00 1.026950777032253426e-03 1.041700048463786157e-03 7.203395754800013965e-05
4.892886694471238584e+00 1.069544132262926920e-03 1.037402211429153034e-03 7.225908030497306682e-05
4.901018676004912145e+00 1.061356325027212237e-03 1.373293568697331454e-03 7.252916404352879778e-05
4.909134977771611119e+00 1.048811819537618512e-03 9.547663459580174551e-04 7.283211104081923628e-05
4.917237634043125638e+00 1.044216914141658141e-03 1.007672112382683059e-03 7.313901950971423013e-05
4.925324446630525266e+00 1.029584018818893113e-03 9.854071083353825415e-04 7.342547655201113249e-05
4.933398134829127812e+00 1.032514133527162202e-03 1.061188199713123228e-03 7.365852240685604683e-05
4.941455747418270761e+00 1.039884030369974148e-03 1.033315199229726611e-03 7.389175530357269817e-05
4.949500574148831156e+00 1.021079870594586046e-03 8.954190933259946646e-04 7.416878965435936936e-05
4.957529272260982722e+00 1.023684542068171565e-03 9.806207276523203151e-04 7.449445185520620094e-05
4.965545265984300016e+00 1.020520209197806885e-03 1.018832056038588814e-03 7.486376512046003569e-05
4.973545738131229577e+00 1.018907014326291775e-03 1.070456832471407575e-03 7.520177783808093314e-05
4.981533127718194010e+00 1.021504275776185860e-03 1.169916968412873775e-03 7.547722189916012097e-05
4.989505570332331885e+00 1.018362675168928014e-03 8.282177579400905884e-04 7.577732606763276342e-05
4.997464544786359930e+00 1.064723237863499788e-03 9.728905683550780796e-04 7.610427347633562736e-05
5.005409447756558272e+00 1.008218378501918571e-03 9.905013512594039102e-04 7.637171306292817984e-05
5.013340281098163764e+00 1.040270550726111239e-03 1.029521615410138469e-03 7.665308787728885990e-05
5.021257830036362613e+00 1.021979958974965743e-03 1.042444132458283717e-03 7.711410985651041123e-05
5.029160621649585217e+00 1.025586675428030335e-03 1.055822422467290632e-03 7.766156814342170002e-05
5.037050569743966477e+00 1.018660047648089692e-03 1.052756103561995312e-03 7.818140979905742927e-05
5.044926341689747851e+00 1.024988540583907613e-03 9.183069037622617779e-04 7.856724547424810115e-05
5.052788665119484435e+00 1.056822511727098209e-03 1.000555302009213405e-03 7.872419746204409861e-05
5.060637793590113453e+00 1.013632618870400010e-03 1.016436322080427768e-03 7.891432756000151298e-05
5.068472910824403321e+00 1.046026664065815605e-03 1.049270689049879371e-03 7.927809214045597290e-05
5.076295801406098818e+00 1.045715658721126052e-03 9.882452361653607138e-04 7.981692415529156848e-05
5.084103674368654069e+00 1.018428428023247963e-03 1.052754766721261713e-03 8.050643048626751456e-05
5.091899712598682903e+00 1.017098123957012974e-03 1.066808102269858633e-03 8.123093052211386377e-05
5.099681505093992762e+00 1.004981385027773613e-03 9.752286205151750173e-04 8.183469596058162102e-05
5.107450657487454748e+00 1.019262882249903938e-03 8.819050099105715974e-04 8.228598579482026111e-05
5.115207056598135793e+00 1.046929357080527302e-03 1.107576750181203705e-03 8.277433065914415313e-05
5.122949443628000310e+00 1.004198516335169482e-03 8.691611930964919432e-04 8.361173067349403625e-05
5.130680253670200308e+00 1.053975559010699456e-03 1.068979950443782337e-03 8.437741794245558224e-05
5.138396688682078661e+00 1.031393114940677876e-03 1.101505798645484183e-03 8.465017121393183727e-05
5.146101168408605098e+00 1.022401964771768156e-03 9.533976112876658103e-04 8.489108619340290354e-05
5.153792503046548568e+00 1.037427610326020896e-03 1.099750922039745152e-03 8.541290105420030283e-05
5.161470922892684499e+00 1.030306179637679445e-03 1.056424304132062017e-03 8.611628273367533928e-05
5.169137380954161642e+00 1.039584242823065122e-03 1.028694211824102015e-03 8.686892321631026702e-05
5.176790461846893621e+00 1.041578909396764525e-03 1.087650977339606065e-03 8.759671898142220225e-05
5.184431084171856163e+00 1.036264997661976318e-03 1.104613679767680896e-03 8.826208045496162493e-05
5.192059796083041689e+00 1.002418706251296089e-03 1.062438165563802652e-03 8.876429804786837403e-05
5.199674827397712917e+00 1.025685613083360693e-03 1.095613924634306026e-03 8.922084219207714799e-05
5.207278575337390691e+00 1.015582344351679015e-03 1.076803701537985131e-03 8.979226464338351172e-05
5.214869140309796869e+00 1.025559597769727270e-03 1.030915487733831057e-03 9.049309636845580674e-05
5.222447615347904026e+00 1.015517459853509073e-03 9.458326781207076648e-04 9.136256295291548201e-05
5.230015006897814622e+00 1.047024432405727458e-03 1.235810427813144449e-03 9.241636623251683782e-05
5.237568466208088580e+00 1.066235866935769496e-03 1.085664020036652532e-03 9.358930465264986970e-05
5.245110964662393016e+00 1.008219978578966426e-03 9.724564050066807682e-04 9.434947962947529717e-05
5.252640889229666321e+00 1.027104899351307223e-03 1.056462962986235007e-03 9.496958509572138939e-05
5.260158396991502450e+00 1.006292547342219068e-03 1.147105044760684135e-03 9.633620330076875086e-05
5.267664377459389868e+00 1.026868832505962179e-03 1.191290150833091257e-03 9.763806306916243054e-05
5.275158341451031241e+00 1.016322450962578753e-03 1.047238690759029435e-03 9.864669479879394206e-05
5.282639970089038961e+00 1.018146603017621235e-03 1.037055172738387664e-03 9.977481657309341463e-05
5.290110882103223666e+00 1.019602602149587015e-03 7.959865746369483141e-04 1.008254252392430807e-04
5.297568853064386296e+00 1.016396768043152004e-03 1.061612454886725265e-03 1.022847565342987201e-04
