3.892422500000000340e+00 1.020708972608151081e-03 2.473661600579927212e-05
3.980862500000000637e+00 1.017355948014112476e-03 1.633882849580962107e-05
4.069302500000000045e+00 1.015197041151547248e-03 1.686514798799186140e-05
4.157742500000000341e+00 1.032764753194994473e-03 1.744401727512431507e-05
4.246182499999999749e+00 1.087822547874973044e-03 1.823213670542837077e-05
4.334622500000000045e+00 1.104067241988482013e-03 1.905358351950498498e-05
4.423062500000000341e+00 1.107413586425513635e-03 2.001519714733830088e-05
4.511502499999999749e+00 1.083926344289707017e-03 2.106653902721439508e-05
4.599942499999998269e+00 1.059113308627821414e-03 2.234661977973564676e-05
4.688382499999999453e+00 1.050470767699909031e-03 2.406096199426659482e-05
4.776822499999999749e+00 1.049435297338685395e-03 2.547037069759093171e-05
4.865262499999999157e+00 1.045662437248471525e-03 2.731522029367866613e-05
4.953702499999999453e+00 1.029166797026294334e-03 3.255898909777882821e-05
