8.384350021841781020e-01 9.840551449405100706e-04 9.809003679582821607e-04 4.820568298553436974e-06
8.989242374433845661e-01 9.932451172175677055e-04 1.003038436311969994e-03 4.175650798491791698e-06
9.616298563426476376e-01 1.020893097586472904e-03 1.028953898042019857e-03 4.844630403962889714e-06
1.017973466491803203e+00 9.940237829334252519e-04 9.890948552050795369e-04 4.593392407624436946e-06
1.079700979032083286e+00 9.907060716485352470e-04 9.893983177649151323e-04 4.395034825022834177e-06
1.146593455053655619e+00 1.012800158639526760e-03 1.010127521170500406e-03 4.210399581549826475e-06
1.208879233918662699e+00 9.983613166974155979e-04 9.946149940503929993e-04 4.832155195942510792e-06
1.264773612609490838e+00 9.820053007240910157e-04 9.869810041234724531e-04 4.870572110458216291e-06
1.322496536085725038e+00 9.962278955865002793e-04 9.973007474296262300e-04 5.005846198223090347e-06
1.381621377012101304e+00 1.031427846816292994e-03 1.040865965702885473e-03 5.213112940802535808e-06
1.441721003993144734e+00 1.033940355636872718e-03 1.043931570803677657e-03 5.465690805063026481e-06
1.502396954763054460e+00 1.011423634822893915e-03 1.011960338473889658e-03 5.746501488500325690e-06
1.563294474498143627e+00 1.002901328932234585e-03 1.000857436177221690e-03 5.991150967979701207e-06
1.624113512332269194e+00 1.010070110394423702e-03 1.010909753338502847e-03 6.270638004765163771e-06
1.684608935791608308e+00 1.017508837644429598e-03 1.019946739031394765e-03 6.591221137511962394e-06
1.744588604132684795e+00 1.025082604007663189e-03 1.018919530658669642e-03 6.960576475797918808e-06
1.803906667520039475e+00 1.025053934251243153e-03 1.014743146922812266e-03 7.255541753317283697e-06
1.862457474567882576e+00 1.022295993322067499e-03 1.021399627700509283e-03 7.640305616701040440e-06
1.929671403821018760e+00 1.038507851980577813e-03 1.033246595139055259e-03 6.852369101053771627e-06
1.995726663264193235e+00 1.048252385362486013e-03 1.041976321107987652e-03 8.175504763298701435e-06
2.051323288746293105e+00 1.059604409155642107e-03 1.064915065732388328e-03 8.453805241596196120e-06
2.114982281513589690e+00 1.021953577390235374e-03 1.010378398896811126e-03 7.652082336830659222e-06
2.177443441927020995e+00 1.021273360484501900e-03 1.032379178232574468e-03 9.197590995371939245e-06
2.238606402653311456e+00 1.037560749924968349e-03 1.035166455950674259e-03 8.242095213750720787e-06
2.298617969005678940e+00 1.040925986806927458e-03 1.046328289547142354e-03 9.873116295242631631e-06
2.357396548372302281e+00 1.046205006644817430e-03 1.037319775826054096e-03 8.868709131433663592e-06
2.415092361236975460e+00 1.040223749277355931e-03 1.023593529562997779e-03 1.060637239018797928e-05
2.471638645592477257e+00 1.036401775280850965e-03 1.032889398428799227e-03 9.504147152554797402e-06
2.534999979878837628e+00 1.042654773067076346e-03 1.051518554240716457e-03 9.807369835473683968e-06
2.597042637795339282e+00 1.055343022738505342e-03 1.057724706550038649e-03 1.020447476347541113e-05
2.657824143422046426e+00 1.052594396901882466e-03 1.057621048777515789e-03 1.062404991471582570e-05
2.717401788647762384e+00 1.102335535880193161e-03 1.115903737489402350e-03 1.096857770061788883e-05
2.775830119673459162e+00 1.072985945631321769e-03 1.069871800991015068e-03 1.143060033795271062e-05
2.840228271160069262e+00 1.079918074161666198e-03 1.089240458782691958e-03 1.067455674535489447e-05
2.903356000234560419e+00 1.071890898595800889e-03 1.075339577469997410e-03 1.244527609642967333e-05
2.965183569347196624e+00 1.051070029241263793e-03 1.068892383870268794e-03 1.153251080549783539e-05
3.025862787167185708e+00 1.040761077558393808e-03 1.026996196147246304e-03 1.339097580964519686e-05
3.085363867133176008e+00 1.036291258909931637e-03 1.043512594964285866e-03 1.235269403151899695e-05
3.143822788074997820e+00 1.044390835020651874e-03 1.032304312376675689e-03 1.426248040970330057e-05
3.201211077446026732e+00 1.049758578597747866e-03 1.048430672553904864e-03 1.317306732434535881e-05
3.263843058145952991e+00 1.045057754852867556e-03 1.051489516479752915e-03 1.364958786405542958e-05
3.325316559339827727e+00 1.056571661538797339e-03 1.074248408185458394e-03 1.413565770858304024e-05
3.385687493977800333e+00 1.042275415637780329e-03 1.041162109119160096e-03 1.461118350279102760e-05
3.445006902593127585e+00 1.056585152438622565e-03 1.058033817396000385e-03 1.511384048191717980e-05
3.509082991424213649e+00 1.052757794674225597e-03 1.062860410243632791e-03 1.427989992042968117e-05
3.572037533228498596e+00 1.047474392790393371e-03 1.061088339360494962e-03 1.617343408444024325e-05
3.628296063959845164e+00 1.042331678629285219e-03 1.042327716515496685e-03 1.669906229090024200e-05
3.689158925753789120e+00 1.036859547161868332e-03 1.031905686702493975e-03 1.574074199878747722e-05
3.749043416037053156e+00 1.031279020604771108e-03 1.051662026938639336e-03 1.796285185683678073e-05
3.807934506495596505e+00 1.039485996842897655e-03 1.025788313131095189e-03 1.679293121470606858e-05
3.871144057999698518e+00 1.018735343819772128e-03 1.006860957694315391e-03 1.737454176828578145e-05
3.933303452435310543e+00 1.016675680216667368e-03 9.941347376959664122e-04 1.798618567029164166e-05
3.994459456724950286e+00 1.023385851349345758e-03 1.029251305321428854e-03 1.861865607333877033e-05
4.054654186624031986e+00 1.024846022192609125e-03 1.041744959160674977e-03 1.925391862002444600e-05
4.113927952124185161e+00 1.016252887070673901e-03 1.024165542310752353e-03 1.981331154888583602e-05
4.172318075319359387e+00 1.049552212290271553e-03 1.039495122617721838e-03 2.045362860740624573e-05
4.234604966831230222e+00 1.089512456597086041e-03 1.106320341257204833e-03 1.952455460153276358e-05
4.295961113261652642e+00 1.122329584926386008e-03 1.121620018230637525e-03 2.178190497776548605e-05
4.356377601066475869e+00 1.099372950562993705e-03 1.091797313376524853e-03 2.090035284113472415e-05
4.420470416814484160e+00 1.102251943846835813e-03 1.076392342449449891e-03 2.153244727157458134e-05
4.479118640289901698e+00 1.088507419378799759e-03 1.115120725601223680e-03 2.402955145328493876e-05
4.536933590447928211e+00 1.078141431036875588e-03 1.105175664431210045e-03 2.286475044391470912e-05
4.598332140599092455e+00 1.064022566129893153e-03 1.061966436488691887e-03 2.363638463244798103e-05
4.658858221776014830e+00 1.050608505555727457e-03 1.026444532858645717e-03 2.457349721228096413e-05
4.718543957144087919e+00 1.057087261160647969e-03 1.078650052984078938e-03 2.514082328909359631e-05
4.781585064323401468e+00 1.065060470625969237e-03 1.076543415293758701e-03 2.425337768219051115e-05
4.843752410920552975e+00 1.037361695727459033e-03 1.027322993120844893e-03 2.675942227444637290e-05
4.905040014350685595e+00 1.044809999983072751e-03 1.036862746067392701e-03 2.570711074714109539e-05
4.965516470856305986e+00 1.023420373928849185e-03 1.050348680333207082e-03 2.828763669781761934e-05
5.025174787735029014e+00 1.032656237681702730e-03 9.929931238456652341e-04 2.737492698327294408e-05
5.087968638995941539e+00 1.026509389749475851e-03 1.058948015005942546e-03 2.858169992803351035e-05
5.146075480183183615e+00 1.031326741120725931e-03 1.068708103152432804e-03 3.217940963094720238e-05
5.203445813424051991e+00 1.026204007596755001e-03 1.040750226933795548e-03 3.173188293366904002e-05
5.263881536024292096e+00 1.023599222605501343e-03 1.011106175332755807e-03 3.431148918430798096e-05
