8.384350021841781020e-01 9.840551449405100706e-04 9.723211650376803027e-04 4.820568298553436974e-06
8.989242374433845661e-01 9.932451172175677055e-04 1.000165403682967387e-03 4.175650798491791698e-06
9.616298563426476376e-01 1.020893097586472904e-03 1.022758800659767783e-03 4.844630403962889714e-06
1.017973466491803203e+00 9.940237829334252519e-04 9.913770298039441351e-04 4.593392407624436946e-06
1.079700979032083286e+00 9.907060716485352470e-04 9.841715247591717106e-04 4.395034825022834177e-06
1.146593455053655619e+00 1.012800158639526760e-03 1.018479728950390370e-03 4.210399581549826475e-06
1.208879233918662699e+00 9.983613166974155979e-04 9.910499461622964378e-04 4.832155195942510792e-06
1.264773612609490838e+00 9.820053007240910157e-04 9.872981324590040034e-04 4.870572110458216291e-06
1.322496536085725038e+00 9.962278955865002793e-04 1.008096452201962066e-03 5.005846198223090347e-06
1.381621377012101304e+00 1.031427846816292994e-03 1.039043696862077719e-03 5.213112940802535808e-06
1.441721003993144734e+00 1.033940355636872718e-03 1.028407599144084018e-03 5.465690805063026481e-06
1.502396954763054460e+00 1.011423634822893915e-03 1.017352159797149267e-03 5.746501488500325690e-06
1.563294474498143627e+00 1.002901328932234585e-03 1.006141512875477874e-03 5.991150967979701207e-06
1.624113512332269194e+00 1.010070110394423702e-03 1.013658920026530184e-03 6.270638004765163771e-06
1.684608935791608308e+00 1.017508837644429598e-03 1.026678297373666976e-03 6.591221137511962394e-06
1.744588604132684795e+00 1.025082604007663189e-03 1.027581091768725065e-03 6.960576475797918808e-06
1.803906667520039475e+00 1.025053934251243153e-03 1.019880123449636933e-03 7.255541753317283697e-06
1.862457474567882576e+00 1.022295993322067499e-03 1.023208604569766922e-03 7.640305616701040440e-06
1.929671403821018760e+00 1.038507851980577813e-03 1.042965679026872788e-03 6.852369101053771627e-06
1.995726663264193235e+00 1.048252385362486013e-03 1.042365326605769514e-03 8.175504763298701435e-06
2.051323288746293105e+00 1.059604409155642107e-03 1.068228499916609687e-03 8.453805241596196120e-06
2.114982281513589690e+00 1.021953577390235374e-03 1.019493302173459653e-03 7.652082336830659222e-06
2.177443441927020995e+00 1.021273360484501900e-03 1.018643593979733086e-03 9.197590995371939245e-06
2.238606402653311456e+00 1.037560749924968349e-03 1.032971932690555580e-03 8.242095213750720787e-06
2.298617969005678940e+00 1.040925986806927458e-03 1.025686494556551356e-03 9.873116295242631631e-06
2.357396548372302281e+00 1.046205006644817430e-03 1.054209840645882077e-03 8.868709131433663592e-06
2.415092361236975460e+00 1.040223749277355931e-03 1.046390990979755194e-03 1.060637239018797928e-05
2.471638645592477257e+00 1.036401775280850965e-03 1.018748008586054053e-03 9.504147152554797402e-06
2.534999979878837628e+00 1.042654773067076346e-03 1.048889771257377739e-03 9.807369835473683968e-06
2.597042637795339282e+00 1.055343022738505342e-03 1.059233735813309074e-03 1.020447476347541113e-05
2.657824143422046426e+00 1.052594396901882466e-03 1.056933990288547046e-03 1.062404991471582570e-05
2.717401788647762384e+00 1.102335535880193161e-03 1.095282550933472177e-03 1.096857770061788883e-05
2.775830119673459162e+00 1.072985945631321769e-03 1.077307663375178578e-03 1.143060033795271062e-05
2.840228271160069262e+00 1.079918074161666198e-03 1.096319807729069940e-03 1.067455674535489447e-05
2.903356000234560419e+00 1.071890898595800889e-03 1.085280042961767923e-03 1.244527609642967333e-05
2.965183569347196624e+00 1.051070029241263793e-03 1.041254936723781362e-03 1.153251080549783539e-05
3.025862787167185708e+00 1.040761077558393808e-03 1.058620254831925660e-03 1.339097580964519686e-05
3.085363867133176008e+00 1.036291258909931637e-03 1.028546769861081326e-03 1.235269403151899695e-05
3.143822788074997820e+00 1.044390835020651874e-03 1.037653262498708026e-03 1.426248040970330057e-05
3.201211077446026732e+00 1.049758578597747866e-03 1.062809242672954494e-03 1.317306732434535881e-05
3.263843058145952991e+00 1.045057754852867556e-03 1.029260401237898966e-03 1.364958786405542958e-05
3.325316559339827727e+00 1.056571661538797339e-03 1.078635805839334811e-03 1.413565770858304024e-05
3.385687493977800333e+00 1.042275415637780329e-03 1.053775292559535042e-03 1.461118350279102760e-05
3.445006902593127585e+00 1.056585152438622565e-03 1.046162280863354279e-03 1.511384048191717980e-05
3.509082991424213649e+00 1.052757794674225597e-03 1.066537071763562104e-03 1.427989992042968117e-05
3.572037533228498596e+00 1.047474392790393371e-03 1.052987489694893813e-03 1.617343408444024325e-05
3.628296063959845164e+00 1.042331678629285219e-03 1.031068065100964552e-03 1.669906229090024200e-05
3.689158925753789120e+00 1.036859547161868332e-03 1.043465980245754723e-03 1.574074199878747722e-05
3.749043416037053156e+00 1.031279020604771108e-03 1.039092985194333589e-03 1.796285185683678073e-05
3.807934506495596505e+00 1.039485996842897655e-03 1.045863140685567971e-03 1.679293121470606858e-05
3.871144057999698518e+00 1.018735343819772128e-03 1.022493895524276232e-03 1.737454176828578145e-05
3.933303452435310543e+00 1.016675680216667368e-03 1.048771314987531926e-03 1.798618567029164166e-05
3.994459456724950286e+00 1.023385851349345758e-03 1.030050624904958528e-03 1.861865607333877033e-05
4.054654186624031986e+00 1.024846022192609125e-03 1.018531735479268454e-03 1.925391862002444600e-05
4.113927952124185161e+00 1.016252887070673901e-03 9.864114531883242960e-04 1.981331154888583602e-05
4.172318075319359387e+00 1.049552212290271553e-03 1.024801486352506109e-03 2.045362860740624573e-05
4.234604966831230222e+00 1.089512456597086041e-03 1.113504057791247235e-03 1.952455460153276358e-05
4.295961113261652642e+00 1.122329584926386008e-03 1.113460297257276013e-03 2.178190497776548605e-05
4.356377601066475869e+00 1.099372950562993705e-03 1.101742892818171130e-03 2.090035284113472415e-05
4.420470416814484160e+00 1.102251943846835813e-03 1.120965418174563145e-03 2.153244727157458134e-05
4.479118640289901698e+00 1.088507419378799759e-03 1.086603420556674993e-03 2.402955145328493876e-05
4.536933590447928211e+00 1.078141431036875588e-03 1.100536749099226058e-03 2.286475044391470912e-05
4.598332140599092455e+00 1.064022566129893153e-03 1.017705284114312630e-03 2.363638463244798103e-05
4.658858221776014830e+00 1.050608505555727457e-03 1.055157499380607973e-03 2.457349721228096413e-05
4.718543957144087919e+00 1.057087261160647969e-03 1.025657447243143909e-03 2.514082328909359631e-05
4.781585064323401468e+00 1.065060470625969237e-03 1.081354408560420387e-03 2.425337768219051115e-05
4.843752410920552975e+00 1.037361695727459033e-03 1.039676355704833438e-03 2.675942227444637290e-05
4.905040014350685595e+00 1.044809999983072751e-03 1.055511116225788621e-03 2.570711074714109539e-05
4.965516470856305986e+00 1.023420373928849185e-03 9.976223303879770514e-04 2.828763669781761934e-05
5.025174787735029014e+00 1.032656237681702730e-03 1.067568064123071078e-03 2.737492698327294408e-05
5.087968638995941539e+00 1.026509389749475851e-03 9.854816763452082119e-04 2.858169992803351035e-05
5.146075480183183615e+00 1.031326741120725931e-03 1.009023159077195595e-03 3.217940963094720238e-05
5.203445813424051991e+00 1.026204007596755001e-03 1.057222655971251516e-03 3.173188293366904002e-05
5.263881536024292096e+00 1.023599222605501343e-03 9.285606247335316575e-04 3.431148918430798096e-05
