3.892422500000000340e+00 9.914661776382791784e-04 2.473721702980800498e-05
3.980862500000000637e+00 9.855036087108950439e-04 1.633921686442692616e-05
4.069302500000000045e+00 9.805803906068554475e-04 1.686558334594749357e-05
4.157742500000000341e+00 9.815331739208275376e-04 1.744468500543340617e-05
4.246182499999999749e+00 9.985677580162646751e-04 1.823335239256793208e-05
4.334622500000000045e+00 1.000202032163706543e-03 1.905506160970402231e-05
4.423062500000000341e+00 1.000051362283671660e-03 2.001679585976247434e-05
4.511502499999999749e+00 9.791263470395436715e-04 2.106817517267342706e-05
4.599942499999998269e+00 9.815225151111343829e-04 2.234790141448118268e-05
4.688382499999999453e+00 9.797742783681201006e-04 2.406222299052881744e-05
4.776822499999999749e+00 9.832813195267636839e-04 2.547160921339566313e-05
4.865262499999999157e+00 9.782191180668876537e-04 2.731657008590838875e-05
4.953702499999999453e+00 9.710704417482265245e-04 3.256034590303078706e-05
