8.384350021841781020e-01 9.840551449405100706e-04 9.867964854097389504e-04 4.820568298553436974e-06
8.989242374433845661e-01 9.932451172175677055e-04 9.905129346297197879e-04 4.175650798491791698e-06
9.616298563426476376e-01 1.020893097586472904e-03 1.028153190628424687e-03 4.844630403962889714e-06
1.017973466491803203e+00 9.940237829334252519e-04 9.974442462237533003e-04 4.593392407624436946e-06
1.079700979032083286e+00 9.907060716485352470e-04 9.884011274218726124e-04 4.395034825022834177e-06
1.146593455053655619e+00 1.012800158639526760e-03 1.016900664648871366e-03 4.210399581549826475e-06
1.208879233918662699e+00 9.983613166974155979e-04 1.005530533591804344e-03 4.832155195942510792e-06
1.264773612609490838e+00 9.820053007240910157e-04 9.812422068540447521e-04 4.870572110458216291e-06
1.322496536085725038e+00 9.962278955865002793e-04 9.940744753260462741e-04 5.005846198223090347e-06
1.381621377012101304e+00 1.031427846816292994e-03 1.036521495855400243e-03 5.213112940802535808e-06
1.441721003993144734e+00 1.033940355636872718e-03 1.031213164835560140e-03 5.465690805063026481e-06
1.502396954763054460e+00 1.011423634822893915e-03 1.008565997508387201e-03 5.746501488500325690e-06
1.563294474498143627e+00 1.002901328932234585e-03 1.005182592401650168e-03 5.991150967979701207e-06
1.624113512332269194e+00 1.010070110394423702e-03 1.010211941619056390e-03 6.270638004765163771e-06
1.684608935791608308e+00 1.017508837644429598e-03 1.023676560919025043e-03 6.591221137511962394e-06
1.744588604132684795e+00 1.025082604007663189e-03 1.036533801404849672e-03 6.960576475797918808e-06
1.803906667520039475e+00 1.025053934251243153e-03 1.023103848418748050e-03 7.255541753317283697e-06
1.862457474567882576e+00 1.022295993322067499e-03 1.018454823087971061e-03 7.640305616701040440e-06
1.929671403821018760e+00 1.038507851980577813e-03 1.042749612570854434e-03 6.852369101053771627e-06
1.995726663264193235e+00 1.048252385362486013e-03 1.042371324666401455e-03 8.175504763298701435e-06
2.051323288746293105e+00 1.059604409155642107e-03 1.062689513953574919e-03 8.453805241596196120e-06
2.114982281513589690e+00 1.021953577390235374e-03 1.020989759346915349e-03 7.652082336830659222e-06
2.177443441927020995e+00 1.021273360484501900e-03 1.023940425862538686e-03 9.197590995371939245e-06
2.238606402653311456e+00 1.037560749924968349e-03 1.029374518473534939e-03 8.242095213750720787e-06
2.298617969005678940e+00 1.040925986806927458e-03 1.032993476244137071e-03 9.873116295242631631e-06
2.357396548372302281e+00 1.046205006644817430e-03 1.043199292730490535e-03 8.868709131433663592e-06
2.415092361236975460e+00 1.040223749277355931e-03 1.042812827739528344e-03 1.060637239018797928e-05
2.471638645592477257e+00 1.036401775280850965e-03 1.044817530261378177e-03 9.504147152554797402e-06
2.534999979878837628e+00 1.042654773067076346e-03 1.027721726429863631e-03 9.807369835473683968e-06
2.597042637795339282e+00 1.055343022738505342e-03 1.052944865743210079e-03 1.020447476347541113e-05
2.657824143422046426e+00 1.052594396901882466e-03 1.067220761688542768e-03 1.062404991471582570e-05
2.717401788647762384e+00 1.102335535880193161e-03 1.098431679096509902e-03 1.096857770061788883e-05
2.775830119673459162e+00 1.072985945631321769e-03 1.086258086297973643e-03 1.143060033795271062e-05
2.840228271160069262e+00 1.079918074161666198e-03 1.058272048277565614e-03 1.067455674535489447e-05
2.903356000234560419e+00 1.071890898595800889e-03 1.062540589406531233e-03 1.244527609642967333e-05
2.965183569347196624e+00 1.051070029241263793e-03 1.046040693828491222e-03 1.153251080549783539e-05
3.025862787167185708e+00 1.040761077558393808e-03 1.033284525760807052e-03 1.339097580964519686e-05
3.085363867133176008e+00 1.036291258909931637e-03 1.055072025769093671e-03 1.235269403151899695e-05
3.143822788074997820e+00 1.044390835020651874e-03 1.038652248668898341e-03 1.426248040970330057e-05
3.201211077446026732e+00 1.049758578597747866e-03 1.068087437551684454e-03 1.317306732434535881e-05
3.263843058145952991e+00 1.045057754852867556e-03 1.022782948244204803e-03 1.364958786405542958e-05
3.325316559339827727e+00 1.056571661538797339e-03 1.045667008119384846e-03 1.413565770858304024e-05
3.385687493977800333e+00 1.042275415637780329e-03 1.046657896205840758e-03 1.461118350279102760e-05
3.445006902593127585e+00 1.056585152438622565e-03 1.038511734590216338e-03 1.511384048191717980e-05
3.509082991424213649e+00 1.052757794674225597e-03 1.059352242397029699e-03 1.427989992042968117e-05
3.572037533228498596e+00 1.047474392790393371e-03 1.058882222089065159e-03 1.617343408444024325e-05
3.628296063959845164e+00 1.042331678629285219e-03 1.048148929641170082e-03 1.669906229090024200e-05
3.689158925753789120e+00 1.036859547161868332e-03 1.027907205998302397e-03 1.574074199878747722e-05
3.749043416037053156e+00 1.031279020604771108e-03 1.001470441584869329e-03 1.796285185683678073e-05
3.807934506495596505e+00 1.039485996842897655e-03 1.023508822592377908e-03 1.679293121470606858e-05
3.871144057999698518e+00 1.018735343819772128e-03 1.012260886714410951e-03 1.737454176828578145e-05
3.933303452435310543e+00 1.016675680216667368e-03 9.817009327423974890e-04 1.798618567029164166e-05
3.994459456724950286e+00 1.023385851349345758e-03 1.038477688500969234e-03 1.861865607333877033e-05
4.054654186624031986e+00 1.024846022192609125e-03 1.017973380943703156e-03 1.925391862002444600e-05
4.113927952124185161e+00 1.016252887070673901e-03 1.017782972931811350e-03 1.981331154888583602e-05
4.172318075319359387e+00 1.049552212290271553e-03 1.045347901677825793e-03 2.045362860740624573e-05
4.234604966831230222e+00 1.089512456597086041e-03 1.102358317817791946e-03 1.952455460153276358e-05
4.295961113261652642e+00 1.122329584926386008e-03 1.140718482078048254e-03 2.178190497776548605e-05
4.356377601066475869e+00 1.099372950562993705e-03 1.104777720631584283e-03 2.090035284113472415e-05
4.420470416814484160e+00 1.102251943846835813e-03 1.102503772577474771e-03 2.153244727157458134e-05
4.479118640289901698e+00 1.088507419378799759e-03 1.100994462815945395e-03 2.402955145328493876e-05
4.536933590447928211e+00 1.078141431036875588e-03 1.080588247508179047e-03 2.286475044391470912e-05
4.598332140599092455e+00 1.064022566129893153e-03 1.079629967903739714e-03 2.363638463244798103e-05
4.658858221776014830e+00 1.050608505555727457e-03 1.076285966668178622e-03 2.457349721228096413e-05
4.718543957144087919e+00 1.057087261160647969e-03 1.026344509241498577e-03 2.514082328909359631e-05
4.781585064323401468e+00 1.065060470625969237e-03 1.033836651470917793e-03 2.425337768219051115e-05
4.843752410920552975e+00 1.037361695727459033e-03 1.031090373842096083e-03 2.675942227444637290e-05
4.905040014350685595e+00 1.044809999983072751e-03 1.044508898459893271e-03 2.570711074714109539e-05
4.965516470856305986e+00 1.023420373928849185e-03 9.919270826690149492e-04 2.828763669781761934e-05
5.025174787735029014e+00 1.032656237681702730e-03 9.793923423209130886e-04 2.737492698327294408e-05
5.087968638995941539e+00 1.026509389749475851e-03 1.055951995613412095e-03 2.858169992803351035e-05
5.146075480183183615e+00 1.031326741120725931e-03 1.030699950436544509e-03 3.217940963094720238e-05
5.203445813424051991e+00 1.026204007596755001e-03 9.925338084334123148e-04 3.173188293366904002e-05
5.263881536024292096e+00 1.023599222605501343e-03 9.717284284277551230e-04 3.431148918430798096e-05
